Mean: [[ 3.37662497e-04  3.77289305e-04  4.40283920e-05 ... -2.02614583e-04
   2.35341794e-03  1.43786841e-03]
 [ 5.56541855e-04  6.77196405e-04  1.25645209e-04 ...  2.07840590e-04
   3.11904756e-03  2.07427878e-03]
 [ 7.60082079e-04  7.48919132e-04 -8.21624483e-06 ...  3.81889729e-04
   3.79044961e-03  2.58148802e-03]
 ...
 [-1.17071329e-03  2.57190380e-04  1.48847621e-03 ...  1.17869288e-03
  -8.11393425e-04  8.46486605e-05]
 [-1.00653771e-03  4.00353894e-04  1.47309634e-03 ...  1.07469674e-03
  -7.24435647e-04  3.30637831e-04]
 [-8.91767916e-04  3.17086519e-04  1.27069392e-03 ...  9.37878098e-04
  -6.75692101e-04  4.53860697e-04]]
Std: [[0.16954672 0.18577409 0.15677273 ... 0.25505469 0.25567175 0.2468576 ]
 [0.17930656 0.19651271 0.16777682 ... 0.2699588  0.26869692 0.25792104]
 [0.19406519 0.21255665 0.18024842 ... 0.29658511 0.29365501 0.27832674]
 ...
 [0.18687488 0.19996029 0.16739938 ... 0.32907188 0.29269112 0.27655225]
 [0.17005157 0.18134453 0.15534123 ... 0.31196353 0.27286423 0.25882193]
 [0.15862471 0.16770909 0.1479828  ... 0.30894884 0.2685473  0.25092144]]
